#E(GeV)   Avg. count
40      0.17065329601276824
41      0.1690344810695157
42      0.17046543050995092
43      0.1745430830063397
44      0.1805800707829348
45      0.1879371664762406
46      0.19620235765591645
47      0.20519034385084203
48      0.21486133238843408
49      0.2252466743974715
50      0.23640837353232413
51      0.24842383563629866
52      0.2613823203957377
53      0.2753854571510015
54      0.29054904856083397
55      0.30700547177265847
56      0.32490661533569964
57      0.344427450318904
58      0.3657703923585274
59      0.3891706618716373
60      0.4149029137622049
61      0.44328949441375326
62      0.4747108021336299
63      0.5096183910845189
64      0.54855168828044
65      0.5921595188640947
66      0.641228103259166
67      0.6967178736661452
68      0.7598124724552386
69      0.8319848292757454
70      0.9150875797823517
71      1.0114788206778638
72      1.1242002327533989
73      1.2572346565751733
74      1.4158875170035845
75      1.6073675079929242
76      1.8417002367208244
77      2.133224675511036
78      2.503170446603634
79      2.984383543778266
80      3.6306347900648577
81      4.536133612091454
82      5.877206978180904
83      7.995984817400514
84      11.540532683258643
85      17.61733342145446
86      27.76204237057138
87      43.3757546358747
88      64.42652417367978
89      87.97775625721053
90      108.01518967357948
91      117.74269409007974
92      113.40915068147319
93      96.72681030143735
94      73.74031907898123
95      51.17180254250472
96      33.272780548213646
97      21.082764549708468
98      13.584559235705193
99      9.19133029977403
100     6.603603815578594
101     5.006066407002205
102     3.954338733125428
103     3.219016539572351
104     2.679904651669208
105     2.2702838018681444
106     1.950449777601879
107     1.6952729877613493
108     1.4880545196201354
109     1.3172684010742088
110     1.1747140538498257
111     1.054409202151362
112     0.9518967567184973
113     0.8637951739111643
114     0.7874979986111299
115     0.720967968310756
116     0.6625928024216919
117     0.6110822411831727
118     0.565393274206925
119     0.5246750076714557
120     0.488227450241501
121     0.45547031770359825
122     0.42591915104571215
123     0.399166841974939
124     0.374869203783994
125     0.35273360142965626
126     0.3325099182600755
127     0.313983323917828
128     0.2969684411744149
129     0.2813045973256134
130     0.2668518623855505
131     0.2534874020847564
132     0.24110107171268072
133     0.22958829010048198
134     0.21883940176388172
135     0.2087339414005296
136     0.19916771630983243
137     0.19014848127204487
138     0.1819459113439441
139     0.1751749630720223